%YAML:1.0
---
Calibrate_Accuracy: 8.3900917487609139e-01
Camera_Matrix: !!opencv-matrix
   rows: 3
   cols: 3
   dt: d
   data: [ 6.9192351259884515e+02, 0., 320., 0., 6.9192351259884515e+02,
       240., 0., 0., 1. ]
Distortion_Coefficients: !!opencv-matrix
   rows: 5
   cols: 1
   dt: d
   data: [ 9.6579472498033211e-02, -8.2289520278246908e-01, 0., 0.,
       2.7989973641014498e+00 ]
Rotation_Vector:
   - !!opencv-matrix
      rows: 3
      cols: 1
      dt: d
      data: [ 7.3538385256107369e-02, 1.5063581115148272e-02,
          -7.5798814302124855e-03 ]
   - !!opencv-matrix
      rows: 3
      cols: 1
      dt: d
      data: [ 6.8913843008045442e-02, 8.1137442565261023e-02,
          6.1897983725081207e-01 ]
   - !!opencv-matrix
      rows: 3
      cols: 1
      dt: d
      data: [ 7.9902721774366900e-02, 1.1813306728439394e-03,
          1.6124062805305077e+00 ]
   - !!opencv-matrix
      rows: 3
      cols: 1
      dt: d
      data: [ 1.1320938249987561e-01, 3.0036936976949348e-02,
          2.7272672106964051e+00 ]
   - !!opencv-matrix
      rows: 3
      cols: 1
      dt: d
      data: [ -2.5863692370788005e-01, -7.3854623282156817e-01,
          -2.1083506971584716e+00 ]
   - !!opencv-matrix
      rows: 3
      cols: 1
      dt: d
      data: [ 6.1420141858636146e-01, 4.6340571250760682e-01,
          -1.4960774355422597e+00 ]
   - !!opencv-matrix
      rows: 3
      cols: 1
      dt: d
      data: [ -6.9789641978706940e-01, -5.5986207462544402e-01,
          -1.1654206652034904e+00 ]
   - !!opencv-matrix
      rows: 3
      cols: 1
      dt: d
      data: [ 8.3572102209889851e-02, 8.5026836907139625e-01,
          -3.1339364335127275e-02 ]
   - !!opencv-matrix
      rows: 3
      cols: 1
      dt: d
      data: [ -9.5107014722752381e-01, 6.9782186887472863e-01,
          1.2933629522007473e+00 ]
   - !!opencv-matrix
      rows: 3
      cols: 1
      dt: d
      data: [ 7.2634830837783637e-01, -8.2619116883079369e-01,
          1.4225650052679082e+00 ]
   - !!opencv-matrix
      rows: 3
      cols: 1
      dt: d
      data: [ 9.3158008489938304e-01, -3.2201812364103299e-01,
          8.8440035334481681e-01 ]
   - !!opencv-matrix
      rows: 3
      cols: 1
      dt: d
      data: [ 6.2353183965983071e-02, -1.0075514981527618e+00,
          -4.9019670637970109e-02 ]
   - !!opencv-matrix
      rows: 3
      cols: 1
      dt: d
      data: [ -7.7276851221056597e-01, 5.2706155313298941e-01,
          1.0970354869835288e+00 ]
   - !!opencv-matrix
      rows: 3
      cols: 1
      dt: d
      data: [ -7.7338844651770300e-01, 5.2911666338392416e-01,
          1.0978812313239843e+00 ]
Translation_vector:
   - !!opencv-matrix
      rows: 3
      cols: 1
      dt: d
      data: [ -9.7001105377572927e+01, -5.1486533574632034e+01,
          3.8188147405669952e+02 ]
   - !!opencv-matrix
      rows: 3
      cols: 1
      dt: d
      data: [ -5.8930594116098938e+01, -9.7072192201699920e+01,
          4.0011010105215081e+02 ]
   - !!opencv-matrix
      rows: 3
      cols: 1
      dt: d
      data: [ 7.2547257661182584e+01, -8.8326650591695966e+01,
          3.9389511837243947e+02 ]
   - !!opencv-matrix
      rows: 3
      cols: 1
      dt: d
      data: [ 9.3052698076747745e+01, 5.3693471103159158e+00,
          4.1465283025391693e+02 ]
   - !!opencv-matrix
      rows: 3
      cols: 1
      dt: d
      data: [ 1.3748931310748933e+00, 4.8602731052324664e+01,
          3.1543313282501964e+02 ]
   - !!opencv-matrix
      rows: 3
      cols: 1
      dt: d
      data: [ -9.3794665754762491e+01, 1.1560351599434725e+02,
          4.4368331877205327e+02 ]
   - !!opencv-matrix
      rows: 3
      cols: 1
      dt: d
      data: [ -9.9215103822136555e+01, -4.3213896567473329e+00,
          3.0542743412252673e+02 ]
   - !!opencv-matrix
      rows: 3
      cols: 1
      dt: d
      data: [ -1.2210216957796254e+02, -5.5360214178668087e+01,
          3.8291748300140586e+02 ]
   - !!opencv-matrix
      rows: 3
      cols: 1
      dt: d
      data: [ 5.3038155343989759e+00, -5.3921413321442294e+01,
          4.7334162233927970e+02 ]
   - !!opencv-matrix
      rows: 3
      cols: 1
      dt: d
      data: [ 6.3688144413873275e+01, -2.5111964434805675e+01,
          2.8453662172435020e+02 ]
   - !!opencv-matrix
      rows: 3
      cols: 1
      dt: d
      data: [ -5.7992554532252107e+01, -1.8258905368795233e+01,
          3.3622927366069860e+02 ]
   - !!opencv-matrix
      rows: 3
      cols: 1
      dt: d
      data: [ -9.1245582267427295e+01, -4.9718775811480057e+01,
          3.3120794840040605e+02 ]
   - !!opencv-matrix
      rows: 3
      cols: 1
      dt: d
      data: [ 2.3059760093666583e+01, -6.2928406597867870e+01,
          5.0917933194100789e+02 ]
   - !!opencv-matrix
      rows: 3
      cols: 1
      dt: d
      data: [ 2.3611134440856247e+01, -6.3433802598719112e+01,
          5.0938071829012540e+02 ]
# Rotation vector + Translation vector
extrinsic_parameters: !!opencv-matrix
   rows: 14
   cols: 6
   dt: d
   data: [ 7.3538385256107369e-02, 1.5063581115148272e-02,
       -7.5798814302124855e-03, -9.7001105377572927e+01,
       -5.1486533574632034e+01, 3.8188147405669952e+02,
       6.8913843008045442e-02, 8.1137442565261023e-02,
       6.1897983725081207e-01, -5.8930594116098938e+01,
       -9.7072192201699920e+01, 4.0011010105215081e+02,
       7.9902721774366900e-02, 1.1813306728439394e-03,
       1.6124062805305077e+00, 7.2547257661182584e+01,
       -8.8326650591695966e+01, 3.9389511837243947e+02,
       1.1320938249987561e-01, 3.0036936976949348e-02,
       2.7272672106964051e+00, 9.3052698076747745e+01,
       5.3693471103159158e+00, 4.1465283025391693e+02,
       -2.5863692370788005e-01, -7.3854623282156817e-01,
       -2.1083506971584716e+00, 1.3748931310748933e+00,
       4.8602731052324664e+01, 3.1543313282501964e+02,
       6.1420141858636146e-01, 4.6340571250760682e-01,
       -1.4960774355422597e+00, -9.3794665754762491e+01,
       1.1560351599434725e+02, 4.4368331877205327e+02,
       -6.9789641978706940e-01, -5.5986207462544402e-01,
       -1.1654206652034904e+00, -9.9215103822136555e+01,
       -4.3213896567473329e+00, 3.0542743412252673e+02,
       8.3572102209889851e-02, 8.5026836907139625e-01,
       -3.1339364335127275e-02, -1.2210216957796254e+02,
       -5.5360214178668087e+01, 3.8291748300140586e+02,
       -9.5107014722752381e-01, 6.9782186887472863e-01,
       1.2933629522007473e+00, 5.3038155343989759e+00,
       -5.3921413321442294e+01, 4.7334162233927970e+02,
       7.2634830837783637e-01, -8.2619116883079369e-01,
       1.4225650052679082e+00, 6.3688144413873275e+01,
       -2.5111964434805675e+01, 2.8453662172435020e+02,
       9.3158008489938304e-01, -3.2201812364103299e-01,
       8.8440035334481681e-01, -5.7992554532252107e+01,
       -1.8258905368795233e+01, 3.3622927366069860e+02,
       6.2353183965983071e-02, -1.0075514981527618e+00,
       -4.9019670637970109e-02, -9.1245582267427295e+01,
       -4.9718775811480057e+01, 3.3120794840040605e+02,
       -7.7276851221056597e-01, 5.2706155313298941e-01,
       1.0970354869835288e+00, 2.3059760093666583e+01,
       -6.2928406597867870e+01, 5.0917933194100789e+02,
       -7.7338844651770300e-01, 5.2911666338392416e-01,
       1.0978812313239843e+00, 2.3611134440856247e+01,
       -6.3433802598719112e+01, 5.0938071829012540e+02 ]
