%YAML:1.0
---
NumeroInt: 345
NumeroFloat: 3.2599999999999998e+00
Matriz3x3: !!opencv-matrix
   rows: 3
   cols: 3
   dt: i
   data: [ 1, 2, 3, 4, 5, 6, 7, 8, 9 ]
